 0.70711
 0.70283
 0.69014
 0.66950
 0.64164
 0.60751
 0.56826
 0.52512
 0.47940
 0.43238
 0.38527
 0.33914
 0.29493
 0.25339
 0.21507
 0.18034
 0.14940
 0.12227
 0.09886
 0.07897
 0.06231
 0.04858
 0.03742
 0.02847
 0.02140
 0.01589
 0.01166
 0.00845
 0.00605
 0.00428
 0.00299
 0.00207
 0.00141
 0.00095
 0.00063
 0.00042
 0.00027
 0.00017
 0.00011
 0.00007
 0.00004
 0.00003
 0.00002
 0.00001
 0.00001
 0.00000
 0.00000
 0.00000
 0.00000
 0.00000
 0.00000
 0.00000
 0.00000
 0.00000
 0.00000
 0.00000
 0.00000
 0.00000
 0.00000
 0.00000
 0.00000
 0.00000
 0.00000
 0.00000
 -0.00000
 0.00000
 0.00000
 0.00000
 0.00000
 0.00000
 0.00000
 0.00000
 0.00000
 0.00000
 0.00000
 0.00000
 0.00000
 0.00000
 0.00000
 0.00000
 0.00000
 0.00000
 0.00000
 0.00000
 0.00001
 0.00001
 0.00002
 0.00003
 0.00004
 0.00007
 0.00011
 0.00017
 0.00027
 0.00042
 0.00063
 0.00095
 0.00141
 0.00207
 0.00299
 0.00428
 0.00605
 0.00845
 0.01166
 0.01589
 0.02140
 0.02847
 0.03742
 0.04858
 0.06231
 0.07897
 0.09886
 0.12227
 0.14940
 0.18034
 0.21507
 0.25339
 0.29493
 0.33914
 0.38527
 0.43238
 0.47940
 0.52512
 0.56826
 0.60751
 0.64164
 0.66950
 0.69014
 0.70283