1.24117
 1.26584
 1.23948
 1.26998
 1.23037
 1.29416
 1.09839
 0.02146
 0.00391
 -0.00468
 0.00397
 -0.00327
 0.00270
 -0.00226
 0.00192
 -0.00165
 0.00143
 -0.00125
 0.00110
 -0.00098
 0.00087
 -0.00078
 0.00071
 -0.00064
 0.00058
 -0.00053
 0.00049
 -0.00045
 0.00041
 -0.00038
 0.00035
 -0.00033
 0.00030
 -0.00028
 0.00026
 -0.00024
 0.00023
 -0.00021
 0.00020
 -0.00018
 0.00017
 -0.00016
 0.00015
 -0.00014
 0.00013
 -0.00012
 0.00011
 -0.00010
 0.00009
 -0.00009
 0.00008
 -0.00007
 0.00007
 -0.00006
 0.00005
 -0.00005
 0.00004
 -0.00004
 0.00003
 -0.00003
 0.00002
 -0.00002
 0.00001
 -0.00001
 -0.00000
 -0.00001
 0.00001
 -0.00002
 0.00002
 -0.00003
 0.00003
 -0.00004
 0.00004
 -0.00005
 0.00005
 -0.00006
 0.00007
 -0.00007
 0.00008
 -0.00009
 0.00009
 -0.00010
 0.00011
 -0.00012
 0.00013
 -0.00014
 0.00015
 -0.00016
 0.00017
 -0.00018
 0.00020
 -0.00021
 0.00023
 -0.00024
 0.00026
 -0.00028
 0.00030
 -0.00033
 0.00035
 -0.00038
 0.00041
 -0.00045
 0.00049
 -0.00053
 0.00058
 -0.00064
 0.00071
 -0.00078
 0.00087
 -0.00098
 0.00110
 -0.00125
 0.00143
 -0.00165
 0.00192
 -0.00226
 0.00270
 -0.00327
 0.00397
 -0.00468
 0.00391
 0.02146
 1.09839
 1.29416
 1.23037
 1.26998
 1.23948
 1.26584